  5             83.84726             -5.02459      11.15  55.7
  9             83.86135             -5.16620      10.93  58.0
 10             83.82113             -5.32181       8.51  82.0
 12             83.81898             -5.32483       9.17  89.1
 16             83.81604             -5.33532       9.83  70.1
 17             83.82469             -5.31807       9.17  69.7
 18             83.81026             -5.31189       9.39  53.4
 19             83.86445             -5.15861      10.93  47.9
 21             83.84284             -5.01978      10.93  52.4
 23             83.82478             -5.00483      10.05  59.5
 30             83.83122             -5.25931      10.27  53.1
 32             83.82470             -5.31361      10.27  69.5
 33             83.85801             -5.09514      11.37  54.3
 34             83.83522             -5.01365      11.15  57.8
 35             83.85934             -5.06551      10.27  41.2
 36             83.87365             -4.97983      11.59  56.9
 39             83.85962             -5.17263      10.93  52.5
 40             83.86029             -5.08760      11.37  49.9
 41             83.78702             -5.93102       7.85  30.5
 42             83.84709             -5.20066      10.71  58.2
 43             83.78889             -5.33678       8.07  38.1
 44             83.82886             -5.01357      10.49  56.1
 47             83.85118             -5.14224      11.15  53.5
 49             83.83959             -5.21998      10.71  50.9
 50             83.85229             -5.13106      11.37  46.2
 54             83.80960             -5.30330      10.27  44.3
 55             83.83234             -5.21963      10.27  40.8
 56             83.82595             -5.00943      10.93  61.4
 57             83.87378             -4.99644      11.59  50.5
 58             83.84570             -5.21045      10.71  66.6
 59             83.80631             -5.96555       7.85  29.4
 63             83.74833             -5.35940       8.73  48.5
 65             83.80722             -5.44595       8.51  95.3
 68             83.86681             -5.17436      10.71  53.6
 69             83.85507             -5.04317      11.15  49.9
 70             83.73424             -5.76767       8.29  40.2
 72             83.81564             -4.99858      10.05  62.4
 73             83.78455             -5.59903       8.07  53.8
 77             83.77707             -4.91264      11.15  62.8
 81             83.67071             -5.52846       6.75  32.4
 82             83.84701             -5.12541      11.37  53.1
 83             83.77700             -4.94065      10.93  65.6
 84             83.83829             -5.24769      10.49  53.3
 91             83.77017             -5.40508       8.29  46.4
 93             83.78789             -5.97440       8.29  30.9
 95             83.80558             -4.99034      10.93  60.0
 97             83.77125             -5.62290       8.51  48.7
 99             84.04762             -6.17912       8.51  33.1
100             83.85114             -5.20867      10.27  53.7
101             83.86029             -5.10059      11.15  57.4
105             83.84746             -5.11968      11.37  49.0
107             83.76559             -5.30012       7.63  27.5
108             83.84002             -5.24101      10.71  53.8
109             83.84306             -5.17037      11.15  48.5
110             83.88081             -5.01031      11.15  44.6
114             83.80598             -5.45109       8.73  70.6
116             83.85353             -5.13791      10.93  60.2
117             83.70287             -4.92851      10.49  43.4
121             83.96774             -6.16719       8.29  32.4
122             83.77141             -5.57990       7.19  60.0
125             83.86634             -5.11958      11.37  52.0
127             83.78911             -5.31285       8.95  32.9
128             83.75322             -5.27003       9.61  43.5
129             83.88409             -5.09695      12.03  54.4
130             83.87380             -4.97238      11.81  60.9
133             84.15429             -6.25039       7.63  28.7
134             83.80037             -5.57433       7.85  56.6
137             83.86283             -5.19270      10.71  55.5
139             83.84413             -5.11082      10.93  58.8
142             83.88501             -5.10955      11.59  43.9
144             83.83382             -5.08503      10.71  56.2
147             83.82629             -5.20081      10.71  44.0
153             83.78853             -5.86895       6.97  29.9
154             83.73949             -5.76451       8.29  36.0
161             83.87602             -5.10059      11.81  55.5
164             83.75679             -5.25595       9.17  45.6
165             83.68338             -5.69030       7.63  27.6
166             83.86629             -5.06040      10.93  51.1
167             83.86085             -5.06032      10.71  49.0
169             83.76035             -5.41373       8.51  43.7
170             83.82585             -5.22697      10.71  41.3
172             83.78475             -5.85627       6.75  31.6
174             83.76215             -5.60311       7.63  57.7
177             83.85584             -5.09951      11.37  54.8
179             83.85463             -5.25948      10.27  50.6
180             83.82183             -5.07955      10.27  59.8
181             83.89253             -4.99704      11.59  48.4
182             83.77374             -4.90811      11.15  63.6
189             83.72439             -5.77180       8.29  39.8
191             83.75644             -5.30353       8.73  35.0
192             83.86733             -5.08365      11.15  49.6
193             83.82760             -5.23540      10.71  48.3
194             83.79358             -5.92738       7.85  28.1
197             83.87226             -5.20200      10.49  49.6
198             83.77046             -4.95716      11.37  55.5
199             83.80018             -5.95131       8.07  30.2
203             83.82688             -5.08047      10.93  57.1
207             83.76871             -4.92399      11.15  62.9
208             83.78403             -4.93252      10.93  94.3
211             83.72458             -4.95249      10.71  46.5
213             83.92177             -5.04128      11.81  34.1
220             83.75208             -5.66773       7.85  40.7
221             83.73876             -5.34577       8.29  46.0
223             83.75273             -4.97396      10.71  36.3
225             83.78123             -5.94482       8.29  33.3
226             83.76019             -5.63125       8.73  43.7
228             83.75243             -5.36597       8.29  43.2
231             83.79408             -4.99982      11.37  58.1
232             83.82275             -4.94168      12.47  62.8
234             83.78691             -5.88847       7.85  23.2
235             83.74957             -5.33127       7.19  29.8
239             83.75886             -5.29740       8.51  31.3
240             83.71620             -4.93830      10.93  42.9
241             83.77792             -4.93596      10.93  75.4
245             83.82808             -5.06771      10.27  46.2
246             83.87723             -5.87634       7.63  30.9
247             83.81210             -5.27932       9.61  49.7
249             83.84900             -5.09092      10.71  51.1
250             83.87190             -4.99081      11.81  57.1
254             83.90602             -6.16198       9.17  25.1
256             83.79314             -5.27891       9.39  50.4
257             83.75793             -5.23305      10.05  48.0
259             83.74219             -5.33073       7.85  29.6
260             83.81226             -5.26960      10.27  53.2
264             83.75742             -5.92680       8.07  29.9
265             84.10731             -6.23729       8.29  31.4
266             83.91805             -5.11422      12.69  33.5
269             83.83881             -5.17787      11.15  48.3
274             83.70746             -5.77024       8.95  34.7
282             84.09522             -6.21789       8.73  31.6
283             83.85865             -5.87194       7.63  27.6
287             83.66783             -5.52075       6.97  30.0
291             83.77259             -5.30811       9.39  27.2
292             83.88603             -5.15899      11.15  67.1
293             83.90896             -5.01580      11.59  42.0
294             84.10313             -6.23431       8.51  31.2
300             83.88596             -5.16940      10.93  47.9
302             83.82228             -5.04308      10.71  58.0
306             83.77675             -5.28182       9.17  43.2
310             83.76282             -5.46122      10.49  31.2
312             83.71450             -5.64783       7.85  32.3
317             83.75261             -5.32364       8.07  35.1
319             83.70721             -4.91835      10.71  39.6
323             83.81324             -5.28590      10.05  44.8
327             83.87514             -5.08087      11.15  50.1
330             83.81624             -5.25487      10.27  56.6
331             83.82015             -5.24576      10.27  57.9
342             83.79221             -5.63126       8.07  33.4
353             83.73182             -5.33475       9.17  39.2
355             83.91499             -5.10713      11.37  56.9
357             84.08591             -6.22051       8.73  33.1
361             83.68854             -5.73855       8.95  33.1
362             83.75024             -5.64903       8.95  39.9
363             83.72537             -5.62012       6.97  34.1
367             83.82254             -5.18514      11.15  48.0
371             83.73876             -5.69251       7.19  37.3
387             83.70517             -5.69387       8.73  29.3
390             83.89300             -5.08923      11.59  60.2
391             83.79428             -4.97123      11.15  63.7
401             83.76262             -4.98428      10.27  38.0
402             83.71703             -4.94449      10.93  46.0
405             83.74210             -5.70125       7.85  37.1
407             83.75100             -5.41395       9.17  35.3
413             83.73518             -5.56496       7.19  29.5
420             83.74128             -5.72616       8.07  40.7
422             83.89687             -5.17238      10.71  44.3
431             83.75942             -5.63871       7.19  42.4
432             83.79646             -5.62771       8.07  31.2
434             83.73855             -4.95586      11.15  40.8
440             83.78488             -5.96492       8.51  31.7
441             83.71771             -5.73641       7.85  42.5
461             83.80562             -5.16646      10.49  67.6
462             83.90534             -5.10844      11.59  62.7
463             83.87745             -5.04815      10.49  43.2
464             83.77074             -4.94613      10.93  59.9
469             83.80346             -5.92901       7.41  27.7
470             83.74294             -5.68198       8.29  35.6
471             83.81435             -5.55115       6.97  57.9
478             83.82794             -5.93413       6.75  20.3
486             83.92940             -5.09902      10.93  47.1
493             84.15930             -6.26998       8.51  32.5
498             83.77784             -5.26313       9.61  52.7
500             83.90644             -5.09942      11.81  56.1
508             83.88870             -6.10200       8.95  35.3
518             83.89446             -5.18567      10.27  62.4
524             83.75788             -5.88522       7.41  31.4
535             83.92459             -6.12882       9.17  29.6
537             83.78815             -5.91879       7.85  30.2
538             83.71536             -5.70617       8.95  35.6
539             83.95736             -5.51178       7.19  39.0
540             83.72819             -5.40841      11.59  43.9
543             83.87811             -5.12074      11.37  53.2
545             83.76186             -4.93142      10.93  55.0
546             83.73587             -4.90142      11.15  44.9
551             83.88134             -5.89270       7.85  27.0
554             83.75212             -5.30263       8.51  36.4
570             84.16045             -6.26304       8.07  28.5
571             84.01832             -6.16034       8.51  37.3
572             83.72882             -5.72719       7.85  44.9
584             83.85491             -5.98366       7.19  24.6
586             83.67780             -5.47204       8.07  29.5
588             83.92395             -5.08629      10.93  42.4
592             83.86800             -5.99738       6.97  22.0
594             83.70678             -5.74392       8.73  35.3
595             83.69590             -5.70022       7.85  27.6
601             83.64971             -5.68440       9.39  26.4
603             83.87687             -5.06588      10.71  48.3
610             84.12174             -6.25239       8.07  30.1
611             83.82141             -5.99614       8.29  30.9
612             83.68629             -5.78575       9.17  32.8
616             83.87311             -5.05444      10.27  45.8
622             83.76991             -5.92961       8.51  30.3
623             83.71152             -5.71424       8.73  35.9
630             83.81553             -5.05844      10.27  58.0
632             83.93491             -6.13118       9.17  24.7
637             83.80293             -5.21256      10.27  41.8
648             83.80923             -5.17569      10.49  56.9
686             83.73658             -5.80658       8.51  30.1
691             83.75529             -5.46870      12.03  24.6
699             83.75322             -4.89717      10.93  55.8
701             83.75135             -5.89591       8.73  29.7
702             83.72680             -4.96436      11.15  42.3
707             83.75019             -5.81241       8.51  34.7
721             83.67246             -5.69374       7.85  28.2
734             83.74316             -5.83421       7.19  30.3
750             83.82236             -5.58375       8.51  34.2
755             83.73468             -5.90930       8.29  32.1
768             83.78508             -6.00744       8.51  28.4
784             84.01330             -6.23102       8.73  33.7
790             83.80356             -4.93682      11.59  79.0
816             83.73568             -5.36760       9.39  47.1
835             83.65690             -5.69668       8.07  28.2
869             83.80022             -5.78781       6.53  20.0
871             83.72573             -5.80079       8.73  43.0
873             83.86276             -4.95504      11.37  73.0
879             83.80411             -6.02245       9.17  32.4
907             83.84457             -6.05341       8.95  26.6
